-77.90011596679688, -17.593351364135742, 0.0
-77.90011596679688, -17.593351364135742, 0.0
-77.90011596679688, -17.593351364135742, 0.0
-77.90011596679688, -17.593351364135742, 0.0
-77.90011596679688, -17.593351364135742, 0.0
-77.90011596679688, -17.593351364135742, 0.0
-77.90011596679688, -17.593351364135742, 0.0
-77.90011596679688, -17.593351364135742, 0.0
-77.90011596679688, -17.593351364135742, 0.0
-77.90011596679688, -17.593351364135742, 0.0
-77.90011596679688, -17.593351364135742, 0.0
-77.90011596679688, -17.593351364135742, 0.0
-77.90011596679688, -17.593351364135742, 0.0
-77.90011596679688, -17.593351364135742, 0.0
-77.90011596679688, -17.593351364135742, 0.0
-77.90011596679688, -17.593351364135742, 0.0
-77.90011596679688, -17.593351364135742, 0.0
-77.90011596679688, -17.593351364135742, 0.0
-77.90011596679688, -17.593351364135742, 0.0
-77.90011596679688, -17.593351364135742, 0.0
-77.90011596679688, -17.593351364135742, 0.0
-77.90011596679688, -17.593351364135742, 0.0
-77.90011596679688, -17.593351364135742, 0.0
-77.90011596679688, -17.593351364135742, 0.0
-77.90011596679688, -17.593351364135742, 0.0
-77.90011596679688, -17.593351364135742, 0.0
-77.90011596679688, -17.593351364135742, 0.0
-77.90011596679688, -17.593351364135742, 0.0
-77.90011596679688, -17.593351364135742, 0.0
-77.90011596679688, -17.593351364135742, 0.0
-77.90011596679688, -17.593351364135742, 0.0
-77.90011596679688, -17.593351364135742, 0.0
-77.90011596679688, -17.593351364135742, 0.0
-77.90011596679688, -17.593351364135742, 0.0
-77.90011596679688, -17.593351364135742, 0.0
-77.90011596679688, -17.593351364135742, 0.0
-77.90011596679688, -17.593351364135742, 0.0
-77.90011596679688, -17.593351364135742, 0.0
-77.90011596679688, -17.593351364135742, 0.0
-77.90011596679688, -17.593351364135742, 0.0
-77.90011596679688, -17.593351364135742, 0.0
-77.90011596679688, -17.593351364135742, 0.0
-77.90011596679688, -17.593351364135742, 0.0
-77.90011596679688, -17.593351364135742, 0.0
-77.90011596679688, -17.593351364135742, 0.0
-77.90011596679688, -17.593351364135742, 0.0
-77.90011596679688, -17.593351364135742, 0.0
-77.90011596679688, -17.593351364135742, 0.0
-77.90011596679688, -17.593351364135742, 0.0
-77.90011596679688, -17.593351364135742, 0.0
-77.90011596679688, -17.593351364135742, 0.0
-77.90011596679688, -17.593351364135742, 0.0
-77.90011596679688, -17.593345642089844, 0.00015881514308563194
-77.90011596679688, -17.59334373474121, 0.000144016462744432
-77.90011596679688, -17.593339920043945, 0.00014018224215184348
-77.90011596679688, -17.593338012695312, 5.8039882938151524e-05
-77.90011596679688, -17.59333610534668, 1.546898815978272e-05
-77.90011596679688, -17.59333610534668, 1.4858314522730779e-05
-77.90011596679688, -17.593334197998047, 1.4302525867657819e-05
-77.90011596679688, -17.593334197998047, 1.3902734328790419e-05
-77.90011596679688, -17.593334197998047, 0.0
-77.90011596679688, -17.593334197998047, 0.0
-77.90011596679688, -17.593334197998047, 2.1024701930758232e-05
-77.90011596679688, -17.593334197998047, 1.3009810290554277e-05
-77.90011596679688, -17.593332290649414, 1.5193499768869243e-05
-77.90011596679688, -17.593332290649414, 1.6282959042020536e-05
-77.90011596679688, -17.593332290649414, 1.613420433070797e-05
-77.90011596679688, -17.593332290649414, 1.5511997683799763e-05
-77.90011596679688, -17.593332290649414, 1.4910202104205495e-05
-77.90011596679688, -17.593332290649414, 1.4394218526922213e-05
-77.90011596679688, -17.593332290649414, 1.3717926232918967e-05
-77.90011596679688, -17.593332290649414, 1.3826738224938225e-05
-77.90011596679688, -17.593332290649414, 1.3805538243268724e-05
-77.90011596679688, -17.593332290649414, 1.3777983787501814e-05
-77.90011596679688, -17.593332290649414, 1.3722015735603569e-05
-77.90011596679688, -17.593332290649414, 1.3701353194247093e-05
-77.90011596679688, -17.593332290649414, 1.3658238751537699e-05
-77.90011596679688, -17.593332290649414, 1.3646879259648853e-05
-77.90011596679688, -17.593332290649414, 1.2883989824178232e-05
-77.90011596679688, -17.593332290649414, 1.3551764110602231e-05
-77.90011596679688, -17.593332290649414, 1.3579352944192828e-05
-77.90011596679688, -17.593332290649414, 1.357780095563916e-05
-77.90011596679688, -17.593332290649414, 1.3639153716886e-05
-77.90011596679688, -17.593332290649414, 1.3578144844128708e-05
-77.90011596679688, -17.593332290649414, 1.3610705344600171e-05
-77.90011596679688, -17.593332290649414, 1.3573156798489313e-05
-77.90011596679688, -17.593332290649414, 1.3608761622182049e-05
-77.90011596679688, -17.593332290649414, 1.35873770633102e-05
-77.90011596679688, -17.593332290649414, 1.3557563028506383e-05
-77.90011596679688, -17.593332290649414, 1.3596763570174511e-05
-77.90009307861328, -17.579362869262695, 0.514586205202156
-77.90019989013672, -17.533430099487305, 1.120903172442262
-77.90017700195312, -17.46670913696289, 1.4783554944712076
-77.90019226074219, -17.38126564025879, 1.8417994711943175
-77.90021514892578, -17.281108856201172, 2.1056408222504124
-77.90019226074219, -17.167394638061523, 2.376427606380365
-77.90013885498047, -17.042016983032227, 2.5973585678094993
-77.90003204345703, -16.90509605407715, 2.830712069645761
-77.89995574951172, -16.75691795349121, 3.050029262113326
-77.89988708496094, -16.59746742248535, 3.2790960780334353
-77.89982604980469, -16.427196502685547, 3.481323466225009
-77.89974212646484, -16.248456954956055, 3.622370492065795
-77.89964294433594, -16.06533432006836, 3.6760235241378574
-77.89958953857422, -15.881053924560547, 3.683211248480509
-77.89954376220703, -15.697537422180176, 3.6552084062743533
-77.89950561523438, -15.515721321105957, 3.6183861988280674
-77.89945983886719, -15.336262702941895, 3.5680737833982246
-77.896240234375, -15.158586502075195, 3.5442308477817592
-77.89259338378906, -14.981090545654297, 3.548381046255954
-77.89104461669922, -14.80347728729248, 3.544917544259783
-77.88993835449219, -14.627031326293945, 3.5119648188474075
-77.8888931274414, -14.452445983886719, 3.4738198261383673
-77.88787841796875, -14.280200004577637, 3.42191125511076
-77.88687133789062, -14.110434532165527, 3.3744131239455393
-77.88273620605469, -13.943670272827148, 3.3093424369993456
-77.87410736083984, -13.780122756958008, 3.2571750146092384
-77.86099243164062, -13.62016773223877, 3.1850768383769323
-77.84275817871094, -13.463991165161133, 3.13252945649431
-77.82782745361328, -13.310036659240723, 3.0722597943417296
-77.81959533691406, -13.158173561096191, 3.0240336274155704
-77.81297302246094, -13.008794784545898, 2.968447409757154
-77.80390167236328, -12.862192153930664, 2.916870546381656
-77.79109191894531, -12.7186861038208, 2.8611913577471504
-77.77466583251953, -12.57895565032959, 2.7920416209122427
-77.75408935546875, -12.442449569702148, 2.757473315712443
-77.73128509521484, -12.30628776550293, 2.7830068748992183
-77.70411682128906, -12.168707847595215, 2.8427538016132585
-77.6707534790039, -12.02755069732666, 2.9714286136956956
-77.63035583496094, -11.881569862365723, 3.1053192555473856
-77.58128356933594, -11.730350494384766, 3.2822501651339286
-77.53056335449219, -11.568989753723145, 3.4821722490548397
-77.48995208740234, -11.39612865447998, 3.593632661057398
-77.4563217163086, -11.218006134033203, 3.6366390904671184
-77.42436981201172, -11.038784980773926, 3.6382835429742495
-77.39307403564453, -10.860466003417969, 3.609272295804048
-77.35892486572266, -10.683730125427246, 3.5965590398034477
-77.31993103027344, -10.507590293884277, 3.62473045837406
-77.27806091308594, -10.328630447387695, 3.719446665823125
-77.23794555664062, -10.14299201965332, 3.8548427707669197
-77.19937133789062, -9.94887924194336, 4.026348250901177
-77.15975952148438, -9.745880126953125, 4.208624195389216
-77.11852264404297, -9.533586502075195, 4.39999178279462
-77.07176208496094, -9.312837600708008, 4.584801767133948
-77.01698303222656, -9.084273338317871, 4.779513957128384
-76.9568099975586, -8.84716796875, 4.963998739798295
-76.8887710571289, -8.605195999145508, 5.065492814142983
-76.81913757324219, -8.361905097961426, 5.017118587729926
-76.75650024414062, -8.119866371154785, 4.982498979942085
-76.69661712646484, -7.878183364868164, 4.969494087226266
-76.63434600830078, -7.639431476593018, 4.91007392683669
-76.56697845458984, -7.405657768249512, 4.841015928549822
-76.49738311767578, -7.176296234130859, 4.767767684516824
-76.4315185546875, -6.949745178222656, 4.688833052084349
-76.3701400756836, -6.725957870483398, 4.611501847687127
-76.30711364746094, -6.506925582885742, 4.5251901511501185
-76.23970794677734, -6.293699264526367, 4.44500275023641
-76.17066192626953, -6.085077285766602, 4.370357254688623
-76.10086822509766, -5.880695819854736, 4.2921100133596095
-76.02754211425781, -5.682066917419434, 4.2054314199545715
-75.94916534423828, -5.490229606628418, 4.122334991846117
-75.86573791503906, -5.305498123168945, 4.031737356485499
-75.77664947509766, -5.1286516189575195, 3.949851827889852
-75.68434143066406, -4.957485675811768, 3.889106523336382
-75.58929443359375, -4.790453910827637, 3.8570890335196557
-75.48866271972656, -4.62799072265625, 3.8504037870485406
-75.37974548339844, -4.46919059753418, 3.920914912679129
-75.26248931884766, -4.309842586517334, 4.049040241042588
-75.13459777832031, -4.151193618774414, 4.17012011309496
-74.99407958984375, -3.994887351989746, 4.327999636222577
-74.8413314819336, -3.8386051654815674, 4.507928258719936
-74.67544555664062, -3.6856417655944824, 4.633817097235255
-74.49678039550781, -3.5408263206481934, 4.720271916790791
-74.30882263183594, -3.404818296432495, 4.737862559377544
-74.11636352539062, -3.271432399749756, 4.774078974711736
-73.92825317382812, -3.1286461353302, 4.7375604647758625
-73.7522201538086, -2.9745564460754395, 4.657512142504469
-73.58142852783203, -2.8178462982177734, 4.6283438415810085
-73.41217041015625, -2.6601037979125977, 4.626757308219011
-73.24562072753906, -2.500370740890503, 4.602864587702466
-73.08110809326172, -2.3414113521575928, 4.554020468068792
-72.9188232421875, -2.1842379570007324, 4.493349076072852
-72.75885772705078, -2.029297113418579, 4.425877891298377
-72.6014404296875, -1.8767104148864746, 4.355388386352721
-72.44413757324219, -1.7292418479919434, 4.282232346299318
-72.28524780273438, -1.5881723165512085, 4.226162623710411
-72.126708984375, -1.4511528015136719, 4.167579046344048
-71.96766662597656, -1.320636510848999, 4.084061351160532
-71.80744934082031, -1.1981854438781738, 4.014315002659553
-71.64754486083984, -1.0810521841049194, 3.949963626843145
-71.48637390136719, -0.9708381295204163, 3.9023428290348976
-71.32183074951172, -0.8678741455078125, 3.9104949801246653
-71.15166473388672, -0.7712198495864868, 3.965917430934902
-70.9736099243164, -0.6812463998794556, 4.063907151895912
-70.7884521484375, -0.5954715609550476, 4.144372534999329
-70.59915161132812, -0.5145076513290405, 4.15485384419199
-70.40811157226562, -0.4426495134830475, 4.100207631722821
-70.2170639038086, -0.382474422454834, 4.034410033518306
-70.02650451660156, -0.3245289921760559, 4.0166235565695505
-69.8408203125, -0.2554601728916168, 3.938669535639054
-69.66329193115234, -0.17559264600276947, 3.8634427703367704
-69.49056243896484, -0.09321994334459305, 3.7978552473100353
-69.31995391845703, -0.014349526725709438, 3.730947914786372
-69.14973449707031, 0.05912952125072479, 3.6985083843691817
-68.97804260253906, 0.12751926481723785, 3.705373092143201
-68.80208587646484, 0.19062431156635284, 3.77992071560441
-68.61965942382812, 0.2520493268966675, 3.9143115403329203
-68.42891693115234, 0.3096059262752533, 4.053934889236721
-68.22901916503906, 0.3611968457698822, 4.210092647985983
-68.02253723144531, 0.4160560071468353, 4.3240808438693
-67.8165283203125, 0.483290433883667, 4.343266823915964
-67.61221313476562, 0.5554483532905579, 4.332659599068386
-67.40769958496094, 0.6250460147857666, 4.324228903109631
-67.20089721679688, 0.6895039081573486, 4.356618481996094
-66.98995208740234, 0.7523341774940491, 4.450639328087383
-66.77227020263672, 0.811247706413269, 4.567760619330518
-66.54743957519531, 0.8715723156929016, 4.726494153365592
-66.31629180908203, 0.9413344860076904, 4.903895088685242
-66.07691955566406, 1.0160168409347534, 5.093171312029585
-65.8279037475586, 1.089937448501587, 5.244032088745676
-65.57551574707031, 1.1589646339416504, 5.252937655895096
-65.32035827636719, 1.2254688739776611, 5.299094704369934
-65.05926513671875, 1.287143349647522, 5.42014918291241
-64.79084777832031, 1.341859221458435, 5.536596559858493
-64.51403045654297, 1.397931694984436, 5.727417589468215
-64.23177337646484, 1.461598515510559, 5.820182449768472
-63.94639205932617, 1.5283679962158203, 5.882424750911657
-63.66028594970703, 1.5929969549179077, 5.852862943694351
-63.37377166748047, 1.6517961025238037, 5.853818320009541
-63.08709716796875, 1.7066069841384888, 5.835874677062657
-62.79816818237305, 1.7549678087234497, 5.886270847589087
-62.50544357299805, 1.8010830879211426, 5.967834265057573
-62.20718765258789, 1.853243350982666, 6.121570251480614
-61.90187454223633, 1.9086415767669678, 6.26476828066373
-61.58721923828125, 1.9627100229263306, 6.465646649087285
-61.2625732421875, 2.01172137260437, 6.638570873892286
-60.92776870727539, 2.062433958053589, 6.856576419781319
-60.58543014526367, 2.1169440746307373, 6.973141406807142
-60.23896026611328, 2.1729025840759277, 7.04147442169679
-59.89210891723633, 2.2291929721832275, 7.0138699160946105
-59.54636764526367, 2.2818334102630615, 6.977195052513953
-59.2034912109375, 2.327317953109741, 6.879579309404209
-58.86412048339844, 2.367187261581421, 6.808650922564619
-58.52954864501953, 2.3991103172302246, 6.672883293117484
-58.19966125488281, 2.4200119972229004, 6.59107334689713
-57.87331771850586, 2.432206153869629, 6.515636283846762
-57.54874801635742, 2.433046817779541, 6.502547067531504
-57.223114013671875, 2.426811695098877, 6.550568962090921
-56.894081115722656, 2.426969289779663, 6.603307955247951
-56.56455993652344, 2.430659055709839, 6.576541182153661
-56.236331939697266, 2.4354872703552246, 6.5544916573019005
-55.911102294921875, 2.440683364868164, 6.471970429144022
-55.58889389038086, 2.4426329135894775, 6.426145452451129
-55.269535064697266, 2.438286781311035, 6.370741940604328
-54.950252532958984, 2.4337916374206543, 6.399914919788697
-54.630653381347656, 2.4315123558044434, 6.382376494060268
-54.31180191040039, 2.429914712905884, 6.369566650243072
-53.99555587768555, 2.428560495376587, 6.293867827206581
-53.681819915771484, 2.427307605743408, 6.264063114495952
-53.37016296386719, 2.426100969314575, 6.217973848345122
-53.05833053588867, 2.424910545349121, 6.2514025459507
-52.74606704711914, 2.4237265586853027, 6.236457703819756
-52.43442916870117, 2.422548294067383, 6.22650052159739
-52.125404357910156, 2.421381950378418, 6.147074018121061
-51.81958770751953, 2.4202284812927246, 6.094921419732223
-51.51814651489258, 2.4190919399261475, 5.983836582626412
-51.221092224121094, 2.4179720878601074, 5.912613240325387
-50.929256439208984, 2.416872262954712, 5.786213236066482
-50.64261245727539, 2.41275691986084, 5.696270324658259
-50.36184310913086, 2.407094717025757, 5.563717101785002
-50.08615493774414, 2.4029672145843506, 5.481854957058049
-49.81616973876953, 2.3993709087371826, 5.345892952704882
-49.55134582519531, 2.396013021469116, 5.264713498251008
-49.29222106933594, 2.392796516418457, 5.128353427648088
-49.03820037841797, 2.389676094055176, 5.049157590324981
-48.78832244873047, 2.383054256439209, 4.9864216290952745
-48.540828704833984, 2.3697242736816406, 4.9376249443816285
-48.29612731933594, 2.3582684993743896, 4.8732097231822395
-48.054710388183594, 2.3502748012542725, 4.801779762264689
-47.816986083984375, 2.343255043029785, 4.726087218558932
-47.58310317993164, 2.33659029006958, 4.648465959712357
-47.353538513183594, 2.3263275623321533, 4.56031199612671
-47.12868118286133, 2.3101820945739746, 4.478712705498472
-46.908016204833984, 2.291256904602051, 4.401178355285582
-46.69229507446289, 2.267120838165283, 4.309290726067723
-46.48207473754883, 2.236227512359619, 4.225904297879655
-46.27632522583008, 2.2015483379364014, 4.155106657906893
-46.073455810546875, 2.1706323623657227, 4.075566523196495
-45.873191833496094, 2.147841215133667, 4.002950580698104
-45.676185607910156, 2.127638101577759, 3.9329593898814577
-45.48253631591797, 2.108325481414795, 3.8651169393695595
-45.29220199584961, 2.0895767211914062, 3.7985608703790827
-45.10573196411133, 2.0678985118865967, 3.7248579520997014
-44.923484802246094, 2.04170823097229, 3.6576045966069333
-44.74477005004883, 2.0137264728546143, 3.5983364756012146
-44.569427490234375, 1.9817595481872559, 3.553351875618487
-44.39590072631836, 1.9439942836761475, 3.57203452084878
-44.22045135498047, 1.9024322032928467, 3.6514484656043202
-44.04161834716797, 1.8540455102920532, 3.76528901673315
-43.856014251708984, 1.803121566772461, 3.9175293366544044
-43.66158676147461, 1.7613685131072998, 4.0113755177412695
-43.46356964111328, 1.7233262062072754, 4.039144212902594
-43.265403747558594, 1.6862561702728271, 4.0233737215769585
-43.06856918334961, 1.6497851610183716, 3.9918444878530277
-42.87374496459961, 1.6102112531661987, 3.9706155142078057
-42.67986297607422, 1.5653562545776367, 3.9973045276973087
-42.48480987548828, 1.5140849351882935, 4.072037821575903
-42.28669357299805, 1.45449960231781, 4.2014588618502655
-42.08263397216797, 1.3886115550994873, 4.3649538116571645
-41.87382125854492, 1.3137776851654053, 4.501975320725008
-41.659568786621094, 1.2349804639816284, 4.614917468328958
-41.438865661621094, 1.1657198667526245, 4.6330564580387685
-41.21684646606445, 1.1013554334640503, 4.613340143413128
-40.99753952026367, 1.035190463066101, 4.558485595033168
-40.782859802246094, 0.9644380211830139, 4.5026352826260245
-40.5710334777832, 0.8915128111839294, 4.476457953433025
-40.36161422729492, 0.8134015202522278, 4.480882710156554
-40.15305709838867, 0.7272940874099731, 4.558289360878261
-39.94133758544922, 0.6345556974411011, 4.687796752519278
-39.72690963745117, 0.5322746634483337, 4.819171646889776
-39.51064682006836, 0.41791120171546936, 4.982313628799377
-39.29069137573242, 0.2928943336009979, 5.147459948802708
-39.06412124633789, 0.16513262689113617, 5.226254764301623
-38.834495544433594, 0.04745834320783615, 5.130253267053948
-38.60629653930664, -0.0644431784749031, 5.053244940227594
-38.37995147705078, -0.17265363037586212, 5.017562371746643
-38.154052734375, -0.27947455644607544, 4.994367021946039
-37.92997360229492, -0.38941481709480286, 4.99321275789685
-37.7056884765625, -0.5004737973213196, 5.012286318620175
-37.48133087158203, -0.6088457107543945, 4.976978911239754
-37.25796890258789, -0.7159906029701233, 4.936679076196254
-37.03691482543945, -0.8218145370483398, 4.876785535158426
-36.818843841552734, -0.9261435270309448, 4.806605657761941
-36.60408020019531, -1.028869390487671, 4.731366558208836
-36.39470672607422, -1.1332447528839111, 4.643680444181843
-36.19208526611328, -1.241180419921875, 4.561684555255817
-35.99202346801758, -1.3455082178115845, 4.481708997750285
-35.793907165527344, -1.4451768398284912, 4.4053218514163195
-35.59881591796875, -1.5424442291259766, 4.329821498995512
-35.40700149536133, -1.6378834247589111, 4.255177513866633
-35.21846008300781, -1.7315804958343506, 4.181410116044782
-35.03489303588867, -1.8267724514007568, 4.107616872337737
-34.85395050048828, -1.9213567972183228, 4.073804229829567
-34.672447204589844, -2.0137240886688232, 4.07216285701339
-34.49122619628906, -2.1053414344787598, 4.04951088623653
-34.31159973144531, -2.1960530281066895, 4.005796647819267
-34.13407516479492, -2.285611629486084, 3.958861998295307
-33.958065032958984, -2.37443208694458, 3.937232077338115
-33.78215408325195, -2.4631526470184326, 3.9418918205852935
-33.60654067993164, -2.5517659187316895, 3.924368567790398
-33.43234634399414, -2.639617443084717, 3.884859125835933
-33.260276794433594, -2.726447105407715, 3.8337425783467283
-33.090576171875, -2.812030076980591, 3.7819517728501184
-32.92253494262695, -2.8968286514282227, 3.758093394440479
-32.75429916381836, -2.9816722869873047, 3.7823323441398626
-32.58335494995117, -3.0679335594177246, 3.8682896562205737
-32.40711975097656, -3.156825542449951, 4.004198232086663
-32.22396469116211, -3.2492268085479736, 4.169440238850157
-32.03325271606445, -3.3454341888427734, 4.334799579081714
-31.836530685424805, -3.444676399230957, 4.443172685462508
-31.637142181396484, -3.545259952545166, 4.473367955256218
-31.437856674194336, -3.6458027362823486, 4.454564721365147
-31.24002456665039, -3.745593547821045, 4.4179063770059015
-31.045377731323242, -3.8479740619659424, 4.391172652162851
-30.85359764099121, -3.95558762550354, 4.414874771240855
-30.66057586669922, -4.06734037399292, 4.503297128893656
-30.46599006652832, -4.186687469482422, 4.617764827961701
-30.265836715698242, -4.310120105743408, 4.760049919971637
-30.05681037902832, -4.430339813232422, 4.855188192018894
-29.844465255737305, -4.549866676330566, 4.877392834187185
-29.634403228759766, -4.671895503997803, 4.841840957671829
-29.426855087280273, -4.793475151062012, 4.789648620962689
-29.22066307067871, -4.911409378051758, 4.724980549166016
-29.01717185974121, -5.027107238769531, 4.653381246094527
-28.81679916381836, -5.140841960906982, 4.578599066129068
-28.619686126708984, -5.252666473388672, 4.502356129207612
-28.427995681762695, -5.365710258483887, 4.4164647251725135
-28.24291229248047, -5.4817633628845215, 4.3448302748390795
-28.06395149230957, -5.6014885902404785, 4.2927564407742755
-27.890241622924805, -5.726892471313477, 4.3034459111937435
-27.717464447021484, -5.857314109802246, 4.364650848788912
-27.54045295715332, -5.986749649047852, 4.397292539969813
-27.36026954650879, -6.108641624450684, 4.339776159857435
-27.18143653869629, -6.225155353546143, 4.272311257614791
-27.00395393371582, -6.339298725128174, 4.208239714703627
-26.830223083496094, -6.452579975128174, 4.135636109003375
-26.660329818725586, -6.566371440887451, 4.055840979024091
-26.495380401611328, -6.682328224182129, 3.9856599922447162
-26.33133316040039, -6.796390056610107, 3.955110368558136
-26.167997360229492, -6.91102409362793, 3.942081146024694
-26.00735092163086, -7.027248382568359, 3.920083313313694
-25.849103927612305, -7.140740871429443, 3.8787386415300142
-25.692304611206055, -7.251591205596924, 3.834896911134231
-25.5385684967041, -7.363619327545166, 3.806896466529965
-25.385122299194336, -7.47576904296875, 3.8133346163772446
-25.23039436340332, -7.58601188659668, 3.799580197268258
-25.076480865478516, -7.695086479187012, 3.7632251379350476
-24.92424964904785, -7.802829265594482, 3.7147609568172424
-24.774093627929688, -7.90908145904541, 3.6633492740957787
-24.62537956237793, -8.014318466186523, 3.6401573123876876
-24.47646713256836, -8.11971378326416, 3.664730465238311
-24.325353622436523, -8.226676940917969, 3.731012073381796
-24.171865463256836, -8.335338592529297, 3.7760389990227394
-24.0176944732666, -8.444485664367676, 3.7752006567014926
-23.86431121826172, -8.553085327148438, 3.7461728938096828
-23.7125186920166, -8.660558700561523, 3.70194650916909
-23.562746047973633, -8.766613006591797, 3.6497484433833076
-23.415225982666016, -8.87106704711914, 3.59572430249624
-23.269481658935547, -8.974270820617676, 3.5568620184621724
-23.125444412231445, -9.076263427734375, 3.5112469678763825
-22.983522415161133, -9.176766395568848, 3.4592826817676325
-22.84305191040039, -9.276235580444336, 3.4365196320301084
-22.702392578125, -9.375843048095703, 3.461153007033761
-22.559249877929688, -9.477205276489258, 3.546190246418793
-22.41132926940918, -9.581958770751953, 3.6816241419607945
-22.257287979125977, -9.69103717803955, 3.8330507399172093
-22.098108291625977, -9.803765296936035, 3.9353840931215687
-21.936601638793945, -9.918129920959473, 3.9648928295749877
-21.77495002746582, -10.03260326385498, 3.9584104599577374
-21.613489151000977, -10.146942138671875, 3.9602297507248645
-21.451086044311523, -10.261951446533203, 4.00034515813053
-21.285669326782227, -10.379085540771484, 4.096571371498057
-21.115142822265625, -10.499844551086426, 4.237541147883053
-20.938190460205078, -10.625149726867676, 4.403663306204066
-20.754085540771484, -10.755523681640625, 4.584079160847055
-20.562639236450195, -10.891096115112305, 4.757794259778749
-20.365461349487305, -11.030726432800293, 4.870159535462495
-20.165786743164062, -11.172125816345215, 4.900382726255696
-19.96626853942871, -11.313413619995117, 4.8789074746792895
-19.768369674682617, -11.453553199768066, 4.829600830637106
-19.57274055480957, -11.592084884643555, 4.773782489145153
-19.378826141357422, -11.729405403137207, 4.744511808641908
-19.18492317199707, -11.866716384887695, 4.7651203627828975
-18.988645553588867, -12.005706787109375, 4.847621030216444
-18.787750244140625, -12.147971153259277, 4.977568845262628
-18.58077049255371, -12.294544219970703, 5.138479665013058
-18.368803024291992, -12.444646835327148, 5.172771884368475
-18.15658187866211, -12.594929695129395, 5.220242769803646
-17.94354248046875, -12.745790481567383, 5.218930404863858
-17.73030662536621, -12.896793365478516, 5.227176638011898
-17.51857566833496, -13.04672908782959, 5.161190491077936
-17.30881690979004, -13.195269584655762, 5.126209610543891
-17.102033615112305, -13.341702461242676, 5.027990651690592
-16.89651107788086, -13.487241744995117, 5.081224539759095
-16.69191551208496, -13.632124900817871, 5.015312248885964
-16.486894607543945, -13.77730941772461, 5.026522465055695
-16.281780242919922, -13.92255973815918, 5.035507816013165
-16.076200485229492, -14.064223289489746, 4.975569395613825
-15.87139892578125, -14.203826904296875, 4.940697883484489
-15.669852256774902, -14.343764305114746, 4.883399506254079
-15.471258163452148, -14.48227596282959, 4.814704559669053
-15.27571964263916, -14.618830680847168, 4.74019583953341
-15.083331108093262, -14.753239631652832, 4.663105949757092
-14.894135475158691, -14.885437965393066, 4.585162369794535
-14.706090927124023, -15.012222290039062, 4.505419063246492
-14.520230293273926, -15.136479377746582, 4.448519543386173
-14.33820915222168, -15.261005401611328, 4.385377377972068
-14.159247398376465, -15.384075164794922, 4.315328963510848
-13.983232498168945, -15.505281448364258, 4.246762600097656
-13.808436393737793, -15.621394157409668, 4.163823176445525
-13.633936882019043, -15.730610847473145, 4.090805351563148
-13.461148262023926, -15.8356351852417, 4.0172092361245815
-13.292840003967285, -15.94128131866455, 3.9474188487059108
-13.129194259643555, -16.047740936279297, 3.8760922634792014
-12.968754768371582, -16.15301513671875, 3.8125984398941863
-12.811214447021484, -16.25663948059082, 3.743873143922484
-12.656359672546387, -16.358577728271484, 3.6868210240706194
-12.503328323364258, -16.45934295654297, 3.654998797479957
-12.35057544708252, -16.559934616088867, 3.659622213205122
-12.198081016540527, -16.66036033630371, 3.6425920915623946
-12.046706199645996, -16.76004981994629, 3.6110776183699245
-11.897133827209473, -16.858552932739258, 3.561300871579013
-11.748089790344238, -16.952863693237305, 3.504016103438068
-11.601318359375, -17.045225143432617, 3.4448925855687618
-11.457968711853027, -17.137859344482422, 3.3928763703117606
-11.317227363586426, -17.22930908203125, 3.3328619680156413
-11.179055213928223, -17.3192081451416, 3.2769758045410877
-11.041243553161621, -17.405372619628906, 3.2383268964017162
-10.90131950378418, -17.487590789794922, 3.2613702134526537
-10.758044242858887, -17.569612503051758, 3.3392558523407287
-10.608098983764648, -17.650455474853516, 3.461580715455071
-10.449356079101562, -17.729394912719727, 3.6182400713318223
-10.281533241271973, -17.809112548828125, 3.790618185812976
-10.108983993530273, -17.895429611206055, 3.8980908678551134
-9.937198638916016, -17.990137100219727, 3.933473383215073
-9.766223907470703, -18.086698532104492, 3.919375424696633
-9.596570014953613, -18.18311882019043, 3.8932293641187705
-9.426461219787598, -18.276063919067383, 3.8713239022264894
-9.253615379333496, -18.364500045776367, 3.902719226162275
-9.07674789428711, -18.452251434326172, 3.9910582940905712
-8.893648147583008, -18.541128158569336, 4.131555721803172
-8.701896667480469, -18.62845802307129, 4.277953351466846
-8.500044822692871, -18.712326049804688, 4.451150800037369
-8.288118362426758, -18.79541015625, 4.638088022874482
-8.068620681762695, -18.88507843017578, 4.810976992787333
-7.845911502838135, -18.985366821289062, 4.9245416070404575
-7.621388912200928, -19.089426040649414, 4.957207530909621
-7.397286415100098, -19.194135665893555, 4.936839604626556
-7.175063133239746, -19.298234939575195, 4.887741495005027
-6.954042434692383, -19.397573471069336, 4.821182039336254
-6.732864856719971, -19.48998260498047, 4.787070597063133
-6.510538578033447, -19.579174041748047, 4.806502553155185
-6.283945560455322, -19.663442611694336, 4.868833426092628
-6.05016565322876, -19.741342544555664, 4.989812444539981
-5.807870864868164, -19.816051483154297, 5.1456895683667945
-5.556689262390137, -19.884510040283203, 5.2505514554215145
-5.304144382476807, -19.950321197509766, 5.237643737964232
-5.0526323318481445, -20.024805068969727, 5.25917009262456
-4.803037166595459, -20.103477478027344, 5.214023591477329
-4.55555534362793, -20.183351516723633, 5.191345626110181
-4.311270713806152, -20.26301383972168, 5.102960401283266
-4.070113182067871, -20.342058181762695, 5.05800221126435
-3.8313348293304443, -20.420534133911133, 5.047576162103767
-3.5902111530303955, -20.496511459350586, 5.034856758817742
-3.348259210586548, -20.567228317260742, 5.1192329456797605
-3.0965826511383057, -20.63591957092285, 5.241306143741597
-2.842377185821533, -20.699787139892578, 5.256311819913817
-2.5830273628234863, -20.756305694580078, 5.366619226370128
-2.3155150413513184, -20.808046340942383, 5.611136505890147
-2.0360162258148193, -20.85250473022461, 5.702401120845439
-1.7511630058288574, -20.886322021484375, 5.790443352440954
-1.463513731956482, -20.917604446411133, 5.809093778514458
-1.176363468170166, -20.956974029541016, 5.796608801332639
-0.8919197916984558, -21.000322341918945, 5.725195575793577
-0.6104778051376343, -21.044870376586914, 5.68142950932853
-0.33285099267959595, -21.086584091186523, 5.570418372212849
-0.05891235172748566, -21.122257232666016, 5.499222735702298
0.21042880415916443, -21.15373992919922, 5.376923379916602
0.4751740097999573, -21.178791046142578, 5.283566262110837
0.7343862652778625, -21.195655822753906, 5.150468813308841
0.9892869591712952, -21.206031799316406, 5.09052905859281
1.2412965297698975, -21.208192825317383, 5.075014828858161
1.4950698614120483, -21.19776725769043, 5.129021548170786
1.7538782358169556, -21.17782974243164, 5.216769563695312
2.013068914413452, -21.148151397705078, 5.252328771053621
2.2718920707702637, -21.10660171508789, 5.304415591039394
2.531489372253418, -21.054216384887695, 5.352543578640737
2.792635202407837, -20.997270584106445, 5.386781288974605
3.056023597717285, -20.948556900024414, 5.347639910419951
3.318455696105957, -20.907726287841797, 5.290413899570274
3.5783979892730713, -20.870412826538086, 5.22729451941039
3.834934949874878, -20.831945419311523, 5.164036148330244
4.088152885437012, -20.78911781311035, 5.12605074057882
4.340288162231445, -20.742984771728516, 5.137842083771357
4.593054294586182, -20.690853118896484, 5.188883734985488
4.847774505615234, -20.62979507446289, 5.291612166910764
5.107131481170654, -20.5610294342041, 5.4363523296942535
5.37100887298584, -20.481943130493164, 5.575575286385947
5.639955997467041, -20.396442413330078, 5.705460366263125
5.915079116821289, -20.317228317260742, 5.738867703188856
6.191738605499268, -20.24209213256836, 5.72745039645891
6.4674248695373535, -20.16887092590332, 5.687623803411878
6.739755153656006, -20.09418487548828, 5.619281041295345
7.006893157958984, -20.015295028686523, 5.542907988750341
7.269509792327881, -19.933860778808594, 5.477166493042154
7.527376651763916, -19.847599029541016, 5.422484431210958
7.7809739112854, -19.75390625, 5.419064600668823
8.033712387084961, -19.65323257446289, 5.478899627529716
8.288268089294434, -19.5452880859375, 5.586656581115426
8.544535636901855, -19.4268798828125, 5.7102253946723796
8.801527976989746, -19.295312881469727, 5.850817836070315
9.063468933105469, -19.15752601623535, 5.981387815341791
9.332791328430176, -19.025453567504883, 6.011099988943942
9.604361534118652, -18.897315979003906, 5.999023388091118
9.875272750854492, -18.771427154541016, 5.956485733339603
10.143952369689941, -18.6473388671875, 5.893024472647265
10.408001899719238, -18.52243995666504, 5.806504503132018
10.66538143157959, -18.394378662109375, 5.7162833481812605
10.917241096496582, -18.264659881591797, 5.6401274415524405
11.163073539733887, -18.131032943725586, 5.576922424684895
11.402941703796387, -17.99079704284668, 5.566187731580489
11.640316009521484, -17.84379005432129, 5.619569076188351
11.875528335571289, -17.687177658081055, 5.6984586729106175
12.10794448852539, -17.518064498901367, 5.821877211647712
12.33999252319336, -17.336589813232422, 5.981066031530958
12.569937705993652, -17.14056968688965, 6.13259285951516
12.795004844665527, -16.928211212158203, 6.288554961069448
13.021076202392578, -16.70466423034668, 6.451666942171564
13.256563186645508, -16.482742309570312, 6.491323069967276
13.497537612915039, -16.26589584350586, 6.477738863358555
13.73922061920166, -16.052213668823242, 6.433250122199095
13.979409217834473, -15.841252326965332, 6.366304245822448
14.217132568359375, -15.6331148147583, 6.288890095390359
14.449886322021484, -15.425289154052734, 6.211263209223516
14.67616081237793, -15.215036392211914, 6.164464036506508
14.898740768432617, -15.002006530761719, 6.1721454425935445
15.11745834350586, -14.78283405303955, 6.217996506574758
15.331412315368652, -14.554125785827637, 6.3146777785760495
15.543354034423828, -14.315373420715332, 6.453168048797092
15.751526832580566, -14.064193725585938, 6.596456076449777
15.9533109664917, -13.798619270324707, 6.760426396920737
16.150007247924805, -13.518677711486816, 6.935912635836205
16.34760856628418, -13.2290620803833, 7.082764616163857
16.554208755493164, -12.940037727355957, 7.1199873479216835
16.764371871948242, -12.653115272521973, 7.105704108652536
16.974533081054688, -12.368408203125, 7.056608253076109
17.18317222595215, -12.086573600769043, 6.983319464685064
17.389419555664062, -11.80816650390625, 6.8935716605573045
17.59000015258789, -11.53192138671875, 6.782769676854149
17.78177833557129, -11.256608963012695, 6.6664679116053165
17.966262817382812, -10.983391761779785, 6.549378521520216
18.14112091064453, -10.711605072021484, 6.411635579015161
18.303884506225586, -10.44066047668457, 6.277078451927977
18.456363677978516, -10.171246528625488, 6.152217287894141
18.59674072265625, -9.903314590454102, 6.0016724616010295
18.722759246826172, -9.63677978515625, 5.861886377682426
18.836605072021484, -9.372147560119629, 5.7328742293868
18.936687469482422, -9.109801292419434, 5.579366450322282
19.02688217163086, -8.850418090820312, 5.481175604651132
19.120943069458008, -8.59715461730957, 5.363115238471615
19.21875762939453, -8.351381301879883, 5.246157409787725
19.316604614257812, -8.111584663391113, 5.136097843560386
19.413259506225586, -7.8771653175354, 5.028206287458952
19.50873374938965, -7.646553039550781, 4.982208930219547
19.599985122680664, -7.416471481323242, 4.924600407303075
19.683988571166992, -7.187253475189209, 4.856744405170477
19.763505935668945, -6.96022891998291, 4.784028312361886
19.83582305908203, -6.7354021072387695, 4.689464910722002
19.89889907836914, -6.512770175933838, 4.604133325291357
19.955873489379883, -6.292738914489746, 4.525051235864358
20.004497528076172, -6.075450420379639, 4.430818921170847
20.04323387145996, -5.86004114151001, 4.384392503255796
20.075523376464844, -5.64417028427124, 4.399293948305701
20.099384307861328, -5.425703525543213, 4.4469061184411665
20.12014389038086, -5.201590061187744, 4.579433174533834
20.153732299804688, -4.973257541656494, 4.641002320255426
20.196889877319336, -4.744709491729736, 4.652865190933171
20.24264907836914, -4.517337322235107, 4.625220380777273
20.28876495361328, -4.292213439941406, 4.575094238030615
20.33456039428711, -4.069850444793701, 4.520100833632283
20.37628173828125, -3.849034309387207, 4.482288966113634
20.411951065063477, -3.627575635910034, 4.500923510289385
20.445049285888672, -3.402820348739624, 4.583840097782209
20.473047256469727, -3.172269821166992, 4.695785168788585
20.493730545043945, -2.9344093799591064, 4.84701605284964
20.51725959777832, -2.688478946685791, 5.003566042047736
20.549894332885742, -2.4371209144592285, 5.095379141656685
20.585372924804688, -2.1837518215179443, 5.154312668943314
20.620887756347656, -1.93558669090271, 5.009242693880556
20.656208038330078, -1.6896185874938965, 4.961447944207093
20.68765640258789, -1.44364595413208, 4.960971075400823
20.71270179748535, -1.1960129737854004, 4.999791153677386
20.734500885009766, -0.9443856477737427, 5.102365624392812
20.750722885131836, -0.6891250610351562, 5.105218439421563
20.759681701660156, -0.43479835987091064, 5.100968401552743
20.763402938842773, -0.17889516055583954, 5.154175099661088
20.76154899597168, 0.08128734678030014, 5.259831246194924
20.751909255981445, 0.3467160761356354, 5.368077786747136
20.737445831298828, 0.6175764799118042, 5.478834651708642
20.730998992919922, 0.8920372724533081, 5.4966023279135445
20.72850799560547, 1.1666812896728516, 5.48624592043019
20.728010177612305, 1.4397072792053223, 5.44224847145997
20.72785186767578, 1.7100658416748047, 5.382688559830675
20.7254638671875, 1.9768716096878052, 5.305476924589564
20.717443466186523, 2.239772081375122, 5.236949040492912
20.706220626831055, 2.4999141693115234, 5.196995420861585
20.688859939575195, 2.758589506149292, 5.188853684336537
20.663564682006836, 3.0176665782928467, 5.239029288082846
20.631078720092773, 3.280137777328491, 5.344384279779418
20.592409133911133, 3.5482335090637207, 5.4875126320352745
20.543865203857422, 3.8221545219421387, 5.6369070417511455
20.483097076416016, 4.101368427276611, 5.799646259069565
20.411102294921875, 4.385241508483887, 5.925251814622392
20.32758331298828, 4.668506622314453, 5.931436485114839
20.23093032836914, 4.945837497711182, 5.896838626413185
20.12389373779297, 5.216352939605713, 5.833783388482536
20.005077362060547, 5.476960182189941, 5.731223050832387
19.874309539794922, 5.7252397537231445, 5.633630506758598
19.73560333251953, 5.967411518096924, 5.636262399758918
19.60118293762207, 6.212427139282227, 5.582892194026759
19.476089477539062, 6.459279537200928, 5.510452839821336
19.356782913208008, 6.704670429229736, 5.42393447067162
19.24043083190918, 6.946849822998047, 5.339016690587062
19.12696647644043, 7.185388088226318, 5.245746906572098
19.015470504760742, 7.419643878936768, 5.150565596676415
18.906505584716797, 7.649746417999268, 5.053155777841771
18.799043655395508, 7.875998497009277, 4.9972694607750245
18.692333221435547, 8.101265907287598, 4.970281712708737
18.586641311645508, 8.32446002960205, 4.915527968638396
18.48231315612793, 8.544795036315918, 4.847885227820169
18.379459381103516, 8.762024879455566, 4.781924685438769
18.27430534362793, 8.975069999694824, 4.7363823260366145
18.163803100585938, 9.184565544128418, 4.749361332669948
18.049102783203125, 9.394835472106934, 4.829209935934199
17.926687240600586, 9.606377601623535, 4.9378526222629775
17.793704986572266, 9.819008827209473, 5.08686736945242
17.65813636779785, 10.039689064025879, 5.239854334461474
17.528507232666016, 10.265385627746582, 5.185502979918973
17.40174102783203, 10.489730834960938, 5.131849533258122
17.277681350708008, 10.711965560913086, 5.062901045745718
17.155447006225586, 10.931121826171875, 4.990161109693509
17.030433654785156, 11.148677825927734, 4.990912197476963
16.899831771850586, 11.363847732543945, 5.0201731803144405
16.765886306762695, 11.578256607055664, 5.130793012256986
16.626474380493164, 11.795455932617188, 5.176786470838569
16.480581283569336, 12.013437271118164, 5.312098664209455
16.325428009033203, 12.229912757873535, 5.334425757018718
16.15948486328125, 12.45053768157959, 5.644831729757347
15.98142147064209, 12.672371864318848, 5.7710498212368515
15.793807983398438, 12.898971557617188, 5.995002320525649
15.608125686645508, 13.136474609375, 6.022799265171958
15.423847198486328, 13.380602836608887, 6.166107062861903
15.241670608520508, 13.625041007995605, 6.056746377910143
15.06140422821045, 13.86902904510498, 6.0777427863783675
14.884024620056152, 14.10983657836914, 5.91574135655674
14.706046104431152, 14.346940994262695, 5.941076555091408
14.525203704833984, 14.577533721923828, 5.820864727684703
14.34054183959961, 14.806435585021973, 5.93314009635031
14.149345397949219, 15.032389640808105, 5.918122872268601
13.947402954101562, 15.25655746459961, 6.129500615312925
13.734968185424805, 15.480568885803223, 6.25088505375014
13.509421348571777, 15.70394229888916, 6.4476949192272945
13.269209861755371, 15.922679901123047, 6.553698508477664
13.013835906982422, 16.13929557800293, 6.823627904213683
12.742765426635742, 16.34971809387207, 6.954039861426529
12.454843521118164, 16.550527572631836, 7.1393005976520065
12.154963493347168, 16.747413635253906, 7.245630384950463
11.854053497314453, 16.95315933227539, 7.32998809725943
11.557974815368652, 17.164398193359375, 7.233312457019258
11.2651948928833, 17.377077102661133, 7.239904092592167
10.97680377960205, 17.587907791137695, 7.080638309968263
10.692193031311035, 17.79703140258789, 7.052723332440484
10.412531852722168, 18.00282096862793, 6.8742102171256985
10.134450912475586, 18.20369529724121, 6.856674748911235
9.855875968933105, 18.39642333984375, 6.731371618054643
9.574345588684082, 18.585277557373047, 6.823705390771125
9.2871675491333, 18.768293380737305, 6.817022606037323
8.990185737609863, 18.944713592529297, 6.987667238825146
8.683198928833008, 19.115962982177734, 7.081925392248668
8.363649368286133, 19.280500411987305, 7.279937489256646
8.031124114990234, 19.433900833129883, 7.388118179697052
7.68872594833374, 19.58476448059082, 7.567842428839546
7.3462114334106445, 19.74351692199707, 7.532337717046346
7.005443572998047, 19.906272888183594, 7.56479634603533
6.668309688568115, 20.06884002685547, 7.430410564956812
6.334616661071777, 20.230745315551758, 7.409144533632035
6.006136894226074, 20.39040756225586, 7.234516081015172
5.6822099685668945, 20.54841423034668, 7.1912755474244605
5.362820148468018, 20.70037269592285, 6.99668474376154
5.0450897216796875, 20.84419059753418, 6.970840258941835
4.729093074798584, 20.98137664794922, 6.847253570818812
4.410484313964844, 21.111310958862305, 6.916053653359497
4.087026119232178, 21.23107147216797, 6.911008851194817
3.7554914951324463, 21.343994140625, 7.087060964831857
3.4152772426605225, 21.446855545043945, 7.143747809139268
3.0666961669921875, 21.53653335571289, 7.266666480880747
2.7144508361816406, 21.61302375793457, 7.203326176649867
2.3614094257354736, 21.673831939697266, 7.182947389072587
2.0120251178741455, 21.714982986450195, 7.004284379773581
1.6662813425064087, 21.738676071166992, 6.956261671410341
1.327962040901184, 21.742692947387695, 6.7204121874836735
0.9954752922058105, 21.731569290161133, 6.701573932318985
0.6666929721832275, 21.722064971923828, 6.5251626790699975
0.3424176275730133, 21.721595764160156, 6.471167315162811
0.0249810591340065, 21.72488784790039, 6.26840962023981
-0.2871848940849304, 21.729965209960938, 6.229122861467286
-0.5922766923904419, 21.73230743408203, 6.016004646682023
-0.8916909694671631, 21.728994369506836, 5.9745771147093185
-1.1839218139648438, 21.721431732177734, 5.765200741510575
-1.4702404737472534, 21.70787239074707, 5.717194529035553
-1.7481669187545776, 21.685773849487305, 5.4973070677231775
-2.0201008319854736, 21.657550811767578, 5.46530062343144
-2.283369302749634, 21.62139129638672, 5.235214237678993
-2.5388569831848145, 21.575729370117188, 5.191658837019331
-2.78598690032959, 21.522119522094727, 5.062516088161082
-3.0269417762756348, 21.45778465270996, 4.983780219979753
-3.2636873722076416, 21.387985229492188, 4.948317110726782
-3.5011045932769775, 21.329448699951172, 4.86175286685762
-3.7368688583374023, 21.280864715576172, 4.784165245692354
-3.9694738388061523, 21.23590850830078, 4.707170409271242
-4.198425769805908, 21.192535400390625, 4.629080649831645
-4.42358922958374, 21.150175094604492, 4.5510371907993905
-4.6439433097839355, 21.10498046875, 4.463510498267303
-4.858805179595947, 21.054821014404297, 4.3838393141231755
-5.069185256958008, 21.002689361572266, 4.3051974226033245
-5.274014949798584, 20.94634246826172, 4.2174996355375916
-5.47242546081543, 20.884296417236328, 4.133597100054557
-5.6659440994262695, 20.819293975830078, 4.0661456216103256
-5.853221416473389, 20.749563217163086, 3.9765657920346533
-6.034339427947998, 20.673486709594727, 3.9378370150465414
-6.213028907775879, 20.592716217041016, 3.95458802745589
-6.3900322914123535, 20.504329681396484, 4.00855735139498
-6.566262722015381, 20.405675888061523, 4.125822296196364
-6.749598979949951, 20.30302619934082, 4.291550692395613
-6.945136070251465, 20.208974838256836, 4.37160942361999
-7.146860599517822, 20.1224422454834, 4.39616379141558
-7.349420547485352, 20.038387298583984, 4.374486250797193
-7.550790786743164, 19.95561981201172, 4.342128325452949
-7.749287128448486, 19.870254516601562, 4.313380565371384
-7.94546365737915, 19.779560089111328, 4.340442241866787
-8.143261909484863, 19.684953689575195, 4.426981685936276
-8.34328556060791, 19.58296775817871, 4.54276516950475
-8.545547485351562, 19.471004486083984, 4.696290894842414
-8.75258731842041, 19.350582122802734, 4.87183886599101
-8.965224266052246, 19.221778869628906, 5.058234810892451
-9.180428504943848, 19.081830978393555, 5.199313636414506
-9.396535873413086, 18.93737030029297, 5.212252990376554
-9.61584186553955, 18.801376342773438, 5.128249791509965
-9.834823608398438, 18.671005249023438, 5.079269970760674
-10.051161766052246, 18.54431915283203, 4.9711236309778934
-10.26779842376709, 18.418529510498047, 5.028045648219872
-10.48167610168457, 18.290576934814453, 5.001523555673585
-10.693713188171387, 18.155763626098633, 5.044487377125046
-10.905973434448242, 18.021766662597656, 5.039682987846777
-11.12154769897461, 17.889986038208008, 4.97575033553548
-11.336935997009277, 17.759397506713867, 5.019419882801144
-11.550657272338867, 17.630334854125977, 4.9902847185922665
-11.764101028442383, 17.501708984375, 4.971615840269708
-11.975911140441895, 17.3741512298584, 4.928187753433756
-12.183982849121094, 17.244287490844727, 4.8945356973305305
-12.388254165649414, 17.109113693237305, 4.91371014205322
-12.59296703338623, 16.96942138671875, 4.997076852587016
-12.798044204711914, 16.821508407592773, 5.110570354075387
-13.00093936920166, 16.665225982666016, 5.117365390220411
-13.200539588928223, 16.505353927612305, 5.137692987541216
-13.396931648254395, 16.338817596435547, 5.186995767560272
-13.59403133392334, 16.165870666503906, 5.307372440019561
-13.800606727600098, 15.995762825012207, 5.378986139052919
-14.011505126953125, 15.827290534973145, 5.403474582538573
-14.223434448242188, 15.660527229309082, 5.383437984882415
-14.434188842773438, 15.495112419128418, 5.3396101152500535
-14.643171310424805, 15.33194637298584, 5.277446877311812
-14.847432136535645, 15.16857624053955, 5.199525847139924
-15.04557991027832, 15.003775596618652, 5.130612004713801
-15.2391357421875, 14.837641716003418, 5.091111140820308
-15.428229331970215, 14.66826343536377, 5.080988418383986
-15.612366676330566, 14.49199104309082, 5.130503995768261
-15.79528522491455, 14.308647155761719, 5.234092182007565
-15.978510856628418, 14.11661148071289, 5.378814367732304
-16.16082763671875, 13.913829803466797, 5.528448879559655
-16.345510482788086, 13.701189994812012, 5.723936563995003
-16.542505264282227, 13.487610816955566, 5.860600611624915
-16.7456111907959, 13.27362060546875, 5.912043649383446
-16.950481414794922, 13.060713768005371, 5.902068854508632
-17.154653549194336, 12.849077224731445, 5.866670952449731
-17.35794448852539, 12.639328002929688, 5.8286117848946635
-17.55779457092285, 12.428348541259766, 5.805219812532088
-17.753520965576172, 12.213485717773438, 5.829089703572213
-17.947736740112305, 11.993372917175293, 5.9090502619026
-18.140153884887695, 11.765345573425293, 6.016500436835662
-18.3287410736084, 11.526250839233398, 6.1585320336138505
-18.516193389892578, 11.276201248168945, 6.331529530332096
-18.69980239868164, 11.012998580932617, 6.499135623743893
-18.876811981201172, 10.735682487487793, 6.668035159856549
-19.05388069152832, 10.448525428771973, 6.8193804634154604
-19.240264892578125, 10.161726951599121, 6.854226651759414
-19.430192947387695, 9.876541137695312, 6.8478974176895875
-19.62063980102539, 9.593667030334473, 6.800439227659915
-19.809545516967773, 9.313371658325195, 6.732275129069694
-19.993793487548828, 9.034902572631836, 6.642307639096436
-20.169923782348633, 8.756403923034668, 6.563667232764886
-20.340660095214844, 8.478078842163086, 6.518505630662779
-20.504093170166016, 8.196873664855957, 6.508393420494598
-20.659164428710938, 7.909916400909424, 6.555937934952206
-20.808013916015625, 7.615147113800049, 6.659316972777456
-20.949161529541016, 7.31069278717041, 6.772711927640568
-21.07910919189453, 6.994843006134033, 6.905216663297298
-21.206533432006836, 6.670555114746094, 7.028766917706759
-21.341901779174805, 6.345179080963135, 7.060722325215171
-21.48108673095703, 6.021448612213135, 7.036751692892072
-21.620304107666016, 5.699880123138428, 6.986396954713899
-21.758813858032227, 5.381657123565674, 6.910332637402438
-21.895429611206055, 5.067223072052002, 6.820259922321555
-22.02726936340332, 4.756305694580078, 6.7094050492118384
-22.15052604675293, 4.448170185089111, 6.593632067490869
-22.267492294311523, 4.143833637237549, 6.476632643978437
-22.37523078918457, 3.8429179191589355, 6.341195965000174
-22.471818923950195, 3.5456554889678955, 6.206787708710554
-22.55858612060547, 3.2520506381988525, 6.085063150784014
-22.634374618530273, 2.962700128555298, 5.934497739940889
-22.696380615234375, 2.67777156829834, 5.798407585775495
-22.74746322631836, 2.397490978240967, 5.669097417975196
-22.7855167388916, 2.1223440170288086, 5.5200305073024305
-22.809677124023438, 1.853501558303833, 5.378022895856374
-22.82134246826172, 1.5904937982559204, 5.25420025578659
-22.822641372680664, 1.333528995513916, 5.130318358821551
-22.818933486938477, 1.0810389518737793, 5.047341169223517
-22.823793411254883, 0.8308871388435364, 4.993447764164745
-22.837228775024414, 0.5832774043083191, 4.936436973567048
-22.853431701660156, 0.338933527469635, 4.869847794879063
-22.86638069152832, 0.09822581708431244, 4.786796712489569
-22.873056411743164, -0.1384751796722412, 4.705802497163648
-22.87639617919922, -0.37124869227409363, 4.627027035564706
-22.87737464904785, -0.6001085638999939, 4.548669691573519
-22.87278175354004, -0.824427604675293, 4.453210255080884
-22.860694885253906, -1.043752908706665, 4.369127942567908
-22.844205856323242, -1.25880765914917, 4.294669550095066
-22.82121467590332, -1.468591570854187, 4.194286826364022
-22.790197372436523, -1.6724709272384644, 4.114830446033775
-22.75411605834961, -1.8715856075286865, 4.0397961918067695
-22.72047233581543, -2.0683066844940186, 3.9754432633090904
-22.698726654052734, -2.263261318206787, 3.8938723944143447
-22.681964874267578, -2.455251932144165, 3.82889804216282
-22.66667938232422, -2.6440114974975586, 3.7599510355658636
-22.652006149291992, -2.8295984268188477, 3.6989334495362947
-22.637699127197266, -3.011983871459961, 3.6322260141858087
-22.62049674987793, -3.1907341480255127, 3.5667769177599906
-22.59874153137207, -3.3664510250091553, 3.532733185086491
-22.57485580444336, -3.5418901443481445, 3.55735567245606
-22.54615592956543, -3.7190170288085938, 3.623057937708385
-22.51051139831543, -3.900076150894165, 3.7546909091793275
-22.469938278198242, -4.087804317474365, 3.916287697739687
-22.421552658081055, -4.281834125518799, 4.075572206899034
-22.36318016052246, -4.481589317321777, 4.255766593231188
-22.29667854309082, -4.688562393188477, 4.447344392470209
-22.21944236755371, -4.900777339935303, 4.609556062341233
-22.129133224487305, -5.116199970245361, 4.775945771402005
-22.034114837646484, -5.3387064933776855, 4.917501770381862
-21.949411392211914, -5.569851398468018, 4.931849116729304
-21.87421417236328, -5.804044246673584, 4.910145890105771
-21.802597045898438, -6.037421226501465, 4.862962632492691
-21.732723236083984, -6.2683329582214355, 4.800012085916598
-21.66413688659668, -6.496067523956299, 4.728763192842944
-21.59314727783203, -6.718900680541992, 4.6433089510610595
-21.517562866210938, -6.935854911804199, 4.570559630499331
-21.43983268737793, -7.149263381958008, 4.534581649588178
-21.356943130493164, -7.35979700088501, 4.533810959478315
-21.26605987548828, -7.569075107574463, 4.607254665729804
-21.168460845947266, -7.781224250793457, 4.7343688638187675
-21.061229705810547, -7.995781898498535, 4.864159947085372
-20.948184967041016, -8.216266632080078, 5.030334376379411
-20.8426513671875, -8.447616577148438, 5.120864902068503
-20.74196434020996, -8.679388046264648, 5.010293332420433
-20.643503189086914, -8.909270286560059, 5.009820986789487
-20.546186447143555, -9.138715744018555, 4.975166739946628
-20.449663162231445, -9.366823196411133, 4.9368100444132965
-20.354145050048828, -9.592751502990723, 4.88673475917129
-20.25592803955078, -9.815091133117676, 4.849267293441287
-20.152008056640625, -10.034323692321777, 4.866450084289052
-20.0407657623291, -10.252334594726562, 4.928059594075749
-19.919607162475586, -10.470319747924805, 5.04908055488486
-19.789813995361328, -10.691574096679688, 5.202136557310282
-19.653413772583008, -10.914925575256348, 5.247613989379526
-19.511777877807617, -11.13458251953125, 5.243258370711341
-19.360551834106445, -11.350330352783203, 5.33212262875336
-19.204191207885742, -11.57003116607666, 5.475186642805946
-19.05113983154297, -11.801481246948242, 5.534564246172683
-18.898820877075195, -12.041135787963867, 5.727914781146472
-18.748443603515625, -12.28102970123291, 5.623461527326132
-18.598819732666016, -12.520369529724121, 5.661116041481435
-18.451507568359375, -12.756623268127441, 5.501361091376582
-18.30244255065918, -12.98930835723877, 5.545680213635745
-18.1501407623291, -13.21621322631836, 5.430509228525102
-17.993444442749023, -13.441839218139648, 5.546774279555057
-17.830190658569336, -13.665614128112793, 5.525465749570653
-17.655017852783203, -13.88940143585205, 5.78723839342009
-17.4694766998291, -14.114274978637695, 5.908049021774515
-17.27072525024414, -14.339203834533691, 6.104616545391176
-17.05782699584961, -14.560928344726562, 6.200716298557523
-16.829992294311523, -14.781685829162598, 6.46466777286563
-16.594045639038086, -15.005215644836426, 6.5480647978537645
-16.360551834106445, -15.237960815429688, 6.63523603397114
-16.131227493286133, -15.473410606384277, 6.527280659781955
-15.903976440429688, -15.70890998840332, 6.554579241100288
-15.680355072021484, -15.941728591918945, 6.390927762176116
-15.459184646606445, -16.17190933227539, 6.380370966971322
-15.239961624145508, -16.395524978637695, 6.1844858942269285
-15.019468307495117, -16.610830307006836, 6.154386912106108
-14.800580978393555, -16.818235397338867, 5.953316197319419
-14.580750465393066, -17.01670265197754, 5.909693473300151
-14.360584259033203, -17.20318603515625, 5.694062512927818
-14.139591217041016, -17.380399703979492, 5.6641689292434565
-13.91901969909668, -17.545759201049805, 5.435272256098526
-13.69670295715332, -17.698047637939453, 5.395407885787209
-13.475358963012695, -17.839004516601562, 5.2320577399810855
-13.25416088104248, -17.968387603759766, 5.094823390604677
-13.032062530517578, -18.08350372314453, 5.01696417166728
-12.806669235229492, -18.18466567993164, 4.957761546902059
-12.581624031066895, -18.282257080078125, 4.918040819567073
-12.363950729370117, -18.389854431152344, 4.82628315381656
-12.154314041137695, -18.504302978515625, 4.74611743683061
-11.949560165405273, -18.619592666625977, 4.668358246237106
-11.748650550842285, -18.7337646484375, 4.590383401948
-11.55128002166748, -18.846263885498047, 4.512284203897659
-11.357317924499512, -18.956945419311523, 4.435862236394802
-11.166680335998535, -19.065752029418945, 4.359670961357381
-10.979344367980957, -19.1727237701416, 4.284458876559788
-10.795095443725586, -19.277896881103516, 4.2181181939430985
-10.611438751220703, -19.378625869750977, 4.174804843429459
-10.425603866577148, -19.47401237487793, 4.191107396892319
-10.236082077026367, -19.56821060180664, 4.271886989514227
-10.039569854736328, -19.65966033935547, 4.386518799706077
-9.833966255187988, -19.7469482421875, 4.53931394569443
-9.618889808654785, -19.833044052124023, 4.714276936780696
-9.393549919128418, -19.91498565673828, 4.872974355996256
-9.15732479095459, -19.990007400512695, 5.052734914960708
-8.909977912902832, -20.060287475585938, 5.2447358778842466
-8.654314041137695, -20.13357925415039, 5.324582758767543
-8.400680541992188, -20.216543197631836, 5.34062634631192
-8.15036392211914, -20.30405044555664, 5.277776187794091
-7.9029541015625, -20.39282989501953, 5.243678708593726
-7.659249782562256, -20.48131561279297, 5.146490414355873
-7.419014930725098, -20.569059371948242, 5.09543539942227
-7.182536602020264, -20.65569305419922, 5.0017601084937615
-6.945790767669678, -20.742570877075195, 5.1163385909276515
-6.70719051361084, -20.83020782470703, 5.065842086556281
-6.467180252075195, -20.915109634399414, 5.114653961827518
-6.222873210906982, -20.995573043823242, 5.172707769578169
-5.971986770629883, -21.074077606201172, 5.322133901762418
-5.712982177734375, -21.148700714111328, 5.445387486538488
-5.443978309631348, -21.21683120727539, 5.637810586179289
-5.164684295654297, -21.280635833740234, 5.809859504209781
-4.874118328094482, -21.337013244628906, 6.01377644090633
-4.572876453399658, -21.382976531982422, 6.181262651274695
-4.2613043785095215, -21.426349639892578, 6.382517593319372
-3.945539712905884, -21.479049682617188, 6.4125255508209795
-3.6298024654388428, -21.536386489868164, 6.420031941036123
-3.316157102584839, -21.595060348510742, 6.354248844689394
-3.005314826965332, -21.653934478759766, 6.309299056498594
-2.6981914043426514, -21.709272384643555, 6.196164032722927
-2.3947415351867676, -21.75775909423828, 6.117382689429574
-2.095958709716797, -21.80127716064453, 5.990513405368543
-1.801881194114685, -21.83742332458496, 5.886659016295725
-1.5134239196777344, -21.864147186279297, 5.747365968335658
-1.229491114616394, -21.883142471313477, 5.674817441092042
-0.9498691558837891, -21.893104553222656, 5.5713520880203005
-0.672964334487915, -21.891254425048828, 5.559797180371008
-0.39593878388404846, -21.87982177734375, 5.579504245978255
-0.1172206848859787, -21.85602569580078, 5.64858525407152
0.1617172658443451, -21.81844139099121, 5.673330529893789
0.4421198070049286, -21.774206161499023, 5.726720930334105
0.7243394255638123, -21.73748207092285, 5.67826611943815
1.0054620504379272, -21.708227157592773, 5.640206111409442
1.2834608554840088, -21.68209457397461, 5.546106587881816
1.5575013160705566, -21.65448760986328, 5.4815733256691335
1.826048493385315, -21.622522354125977, 5.362697152765349
2.0896027088165283, -21.58751106262207, 5.291508009004184
2.3467483520507812, -21.54800796508789, 5.150898085009392
2.5969338417053223, -21.501676559448242, 5.064355587024638
2.843620538711548, -21.456066131591797, 4.9703841742333115
3.089747905731201, -21.416706085205078, 4.970003921682429
3.333930015563965, -21.37990379333496, 4.915352649578688
3.5750789642333984, -21.34419822692871, 4.847704231697884
3.8126983642578125, -21.309215545654297, 4.773636161280965
4.0465593338012695, -21.27486228942871, 4.696473112170909
4.275705337524414, -21.237377166748047, 4.608113171539402
4.499445915222168, -21.194538116455078, 4.525952668976884
4.718661785125732, -21.14937400817871, 4.4481705684854145
4.932305335998535, -21.099578857421875, 4.354097920666752
5.1397809982299805, -21.043548583984375, 4.281157228268673
5.3434648513793945, -20.983861923217773, 4.243671697126064
5.544076442718506, -20.917882919311523, 4.239239280720229
5.74326753616333, -20.84309959411621, 4.3100967568094735
5.944917678833008, -20.7608585357666, 4.422748291329975
6.152503490447998, -20.678274154663086, 4.508772193970161
6.366194248199463, -20.60638427734375, 4.510236944458559
6.580907821655273, -20.5397891998291, 4.4827680248003805
6.7941179275512695, -20.475175857543945, 4.436715428904409
7.004716873168945, -20.411785125732422, 4.372638578197607
7.210947036743164, -20.346025466918945, 4.299233912813229
7.411782741546631, -20.275930404663086, 4.231311686231908
7.609524250030518, -20.2039737701416, 4.204253960245711
7.8047075271606445, -20.127193450927734, 4.20416996431278
7.999061107635498, -20.042888641357422, 4.282305719903134
8.196659088134766, -19.952329635620117, 4.411584237666555
8.397083282470703, -19.85259437561035, 4.5451705883644795
8.599536895751953, -19.741296768188477, 4.7098042480472575
8.806190490722656, -19.619770050048828, 4.892419795195523
9.014434814453125, -19.48598289489746, 5.032432339179621
9.225997924804688, -19.34427261352539, 5.171176021440537
9.445770263671875, -19.211009979248047, 5.1030957296487385
9.665143013000488, -19.08639907836914, 5.012603626505814
9.884055137634277, -18.96645164489746, 4.9536930083779245
10.102278709411621, -18.848527908325195, 4.950083728401001
10.319058418273926, -18.7320499420166, 4.900929945997508
10.531328201293945, -18.61376953125, 4.834131620082008
10.738123893737793, -18.491241455078125, 4.799786525358374
10.943012237548828, -18.365875244140625, 4.819060945207717
11.151473045349121, -18.241710662841797, 4.87736997646464
11.363966941833496, -18.11943244934082, 4.912776012914827
11.577082633972168, -17.99789810180664, 4.897059432074513
11.788772583007812, -17.87748908996582, 4.850771487106621
11.998029708862305, -17.75857162475586, 4.788202506347097
12.204340934753418, -17.641361236572266, 4.717236887762818
12.407458305358887, -17.525981903076172, 4.642231165107314
12.605259895324707, -17.409250259399414, 4.56356388329659
12.797285079956055, -17.288782119750977, 4.524339295092049
12.986987113952637, -17.166074752807617, 4.519010417496613
13.17231273651123, -17.039335250854492, 4.474020203359482
13.350726127624512, -16.907983779907227, 4.417038365566826
13.528303146362305, -16.780101776123047, 4.352650846241205
13.70765209197998, -16.660564422607422, 4.285333386567588
13.885385513305664, -16.5447998046875, 4.2144143198106185
14.060529708862305, -16.431461334228516, 4.144109717194433
14.232780456542969, -16.32016944885254, 4.073350420748335
14.40001392364502, -16.20814323425293, 3.993577944530473
14.561075210571289, -16.093751907348633, 3.9296324932068183
14.721236228942871, -15.982684135437012, 3.878230244885907
14.880873680114746, -15.875481605529785, 3.823424464204919
15.038518905639648, -15.77048397064209, 3.7643648968570522
15.193734169006348, -15.667264938354492, 3.703613777896939
15.34645938873291, -15.565831184387207, 3.6423134434781956
15.49661922454834, -15.466062545776367, 3.581255633500462
15.64228630065918, -15.365509033203125, 3.512279909964098
15.782393455505371, -15.262919425964355, 3.450713242104879
15.9188871383667, -15.160514831542969, 3.3913555041942334
16.050039291381836, -15.056716918945312, 3.3204954699213296
16.179012298583984, -14.955196380615234, 3.2606934535575958
16.309370040893555, -14.86015510559082, 3.2046553923984895
16.43840217590332, -14.767932891845703, 3.1503586372965464
16.565418243408203, -14.677496910095215, 3.0971769384242775
16.690027236938477, -14.588967323303223, 3.035024880673375
16.81110382080078, -14.49947738647461, 3.00054876528316
16.929489135742188, -14.406947135925293, 3.018139684062935
17.051433563232422, -14.314414024353027, 3.0978644496615035
17.17945671081543, -14.220638275146484, 3.228384092681937
17.31367301940918, -14.122943878173828, 3.3774085815841226
17.4531192779541, -14.02168083190918, 3.482525336566119
17.595291137695312, -13.91841983795166, 3.526237897416341
17.73801040649414, -13.81484603881836, 3.5233050919860394
17.877832412719727, -13.709376335144043, 3.4873809974165324
18.013010025024414, -13.601519584655762, 3.4428835214216167
18.14772605895996, -13.496849060058594, 3.3928387088982612
18.282106399536133, -13.395930290222168, 3.340705735847129
18.41468620300293, -13.297002792358398, 3.287374927986213
18.545230865478516, -13.199843406677246, 3.2333316361513678
18.67360496520996, -13.10428237915039, 3.179406992224288
18.799869537353516, -13.010380744934082, 3.125927739926837
18.92397689819336, -12.918018341064453, 3.073123865626884
19.045665740966797, -12.82753849029541, 3.010889450470848
19.165634155273438, -12.738245964050293, 2.983227064375925
19.28566551208496, -12.648996353149414, 3.0039762300290165
19.407939910888672, -12.557991981506348, 3.0849159694335557
19.534774780273438, -12.46367359161377, 3.2157653142300804
19.66766929626465, -12.364777565002441, 3.379592499298628
19.8077335357666, -12.260608673095703, 3.565941930452647
19.95558738708496, -12.150599479675293, 3.765163421200657
20.11349868774414, -12.037636756896973, 3.9602107768607313
20.28253936767578, -11.923545837402344, 4.160740021877022
20.458234786987305, -11.801855087280273, 4.345583831846083
20.638200759887695, -11.673124313354492, 4.46707735970417
20.820537567138672, -11.541757583618164, 4.504668273899962
21.00288200378418, -11.410138130187988, 4.489738031844087
21.183849334716797, -11.27944564819336, 4.446739797965534
21.362789154052734, -11.15017032623291, 4.397126650568371
21.54218292236328, -11.025167465209961, 4.3630546861875485
21.724660873413086, -10.905230522155762, 4.382316868775626
21.911230087280273, -10.786155700683594, 4.468241598432672
22.105173110961914, -10.669203758239746, 4.58142631453606
22.305246353149414, -10.549173355102539, 4.722915295170182
22.506521224975586, -10.419803619384766, 4.8176813030153465
22.708703994750977, -10.287187576293945, 4.839871476208054
22.910173416137695, -10.154312133789062, 4.814544829935747
23.109779357910156, -10.022439002990723, 4.76360980348794
23.30884552001953, -9.895456314086914, 4.697060812052158
23.509033203125, -9.775196075439453, 4.6637818379792915
23.710790634155273, -9.657815933227539, 4.684090737467373
23.91744613647461, -9.544533729553223, 4.747448498625742
24.132076263427734, -9.436299324035645, 4.869215453234278
24.355499267578125, -9.329733848571777, 5.025730152450347
24.589115142822266, -9.227720260620117, 5.172931526688451
24.830917358398438, -9.133193016052246, 5.21021920860836
25.075374603271484, -9.04487133026123, 5.235829055065877
25.322153091430664, -8.956250190734863, 5.272422404279036
25.56668472290039, -8.859490394592285, 5.255984317908412
25.807861328125, -8.758621215820312, 5.210719294249963
26.046152114868164, -8.657355308532715, 5.155348534538248
26.281890869140625, -8.558961868286133, 5.077700222493096
26.515737533569336, -8.467022895812988, 4.9936970988556935
26.75006866455078, -8.37908935546875, 5.000582270158407
26.98271942138672, -8.289518356323242, 4.975196788451404
27.21236801147461, -8.197576522827148, 4.926454738559115
27.43896484375, -8.105920791625977, 4.862171350554271
27.66339874267578, -8.019042015075684, 4.779614336386582
27.886064529418945, -7.939553260803223, 4.699126181777154
28.1060733795166, -7.864506721496582, 4.620756559868487
28.32363510131836, -7.796503067016602, 4.524743147193881
28.538848876953125, -7.7374396324157715, 4.44016379997175
28.751405715942383, -7.684115886688232, 4.361987210440502
28.961036682128906, -7.638757228851318, 4.264042127557793
29.167518615722656, -7.603025913238525, 4.17889397331226
29.37108612060547, -7.573818206787109, 4.106999128070834
29.57098388671875, -7.553078651428223, 4.0065555309458505
29.76780128479004, -7.535645961761475, 3.954467194955198
29.960567474365234, -7.506772994995117, 3.8696177414797757
30.14842987060547, -7.470306873321533, 3.8020505483130878
30.332611083984375, -7.432359218597412, 3.7336565294662516
30.513561248779297, -7.394465923309326, 3.6732613343656957
30.691341400146484, -7.3570404052734375, 3.607057170017235
30.866107940673828, -7.3201823234558105, 3.54912393531715
31.03785514831543, -7.283937931060791, 3.4849924174069202
31.207109451293945, -7.251447677612305, 3.420838147612899
31.373905181884766, -7.2241716384887695, 3.356475118656455
31.538150787353516, -7.1993088722229, 3.3033401638257676
31.69964027404785, -7.17903470993042, 3.229267683403364
31.858373641967773, -7.164522647857666, 3.1744216765852986
32.01447296142578, -7.152936935424805, 3.115293263997529
32.167537689208984, -7.146338939666748, 3.04812633338322
32.317230224609375, -7.145630359649658, 2.986646797274111
32.46426010131836, -7.148232460021973, 2.940197355611714
32.607688903808594, -7.1558122634887695, 2.8634899269303116
32.74721908569336, -7.16936731338501, 2.8132173608669646
32.883785247802734, -7.186218738555908, 2.759899196679791
33.01628112792969, -7.208043098449707, 2.692563373726845
33.1441535949707, -7.235456943511963, 2.6356352804554626
33.268821716308594, -7.26625919342041, 2.5960112579734616
33.38881301879883, -7.301519393920898, 2.5194977613048746
33.50349044799805, -7.3421196937561035, 2.474869779427894
33.614627838134766, -7.385696887969971, 2.4277741264872184
33.726009368896484, -7.427645683288574, 2.4217562709257034
33.84092330932617, -7.459256649017334, 2.382409722141351
33.956626892089844, -7.478655815124512, 2.33130027483512
34.07086181640625, -7.493807792663574, 2.287008770099518
34.183319091796875, -7.508088111877441, 2.2540001107782537
34.291500091552734, -7.5216965675354, 2.123747185359777
34.3846321105957, -7.533375263214111, 1.5163534280761373
34.42008590698242, -7.537812232971191, 0.20224552410175295
34.41996765136719, -7.53785514831543, 0.00022368307316098982
34.42002487182617, -7.53791618347168, 0.00027249124235361594
34.420135498046875, -7.537968635559082, 0.00027945089619284285
34.42024230957031, -7.5380120277404785, 0.00023820418759372338
34.42032241821289, -7.53804349899292, 0.00018853308773159475
34.420387268066406, -7.538069248199463, 0.0001442887377414889
34.42044448852539, -7.538087368011475, 0.00010869085902035998
34.42048645019531, -7.538100242614746, 8.118457082651537e-05
34.42048645019531, -7.538100242614746, 0.0
34.42048645019531, -7.538100242614746, 0.0
34.42048645019531, -7.538100242614746, 0.0
34.42048645019531, -7.538100242614746, 0.0
34.42048645019531, -7.538100242614746, 0.0
34.42048645019531, -7.538100242614746, 0.0
34.42048645019531, -7.538100242614746, 0.0
34.42048645019531, -7.538100242614746, 0.0
34.42048645019531, -7.538100242614746, 0.0
34.42048645019531, -7.538100242614746, 0.0
34.42048645019531, -7.538100242614746, 0.0
34.42048645019531, -7.538100242614746, 0.0
34.42048645019531, -7.538100242614746, 0.0
34.42048645019531, -7.538100242614746, 0.0
34.42048645019531, -7.538100242614746, 0.0
34.42048645019531, -7.538100242614746, 0.0
34.42048645019531, -7.538100242614746, 0.0
34.42048645019531, -7.538100242614746, 0.0
34.42048645019531, -7.538100242614746, 0.0
34.42048645019531, -7.538100242614746, 0.0
34.42048645019531, -7.538100242614746, 0.0
34.42048645019531, -7.538100242614746, 0.0
34.42048645019531, -7.538100242614746, 0.0
34.42048645019531, -7.538100242614746, 0.0
34.42048645019531, -7.538100242614746, 0.0
34.42048645019531, -7.538100242614746, 0.0
34.42048645019531, -7.538100242614746, 0.0
34.42048645019531, -7.538100242614746, 0.0
34.42048645019531, -7.538100242614746, 0.0
34.42048645019531, -7.538100242614746, 0.0
34.42048645019531, -7.538100242614746, 0.0
34.42048645019531, -7.538100242614746, 0.0
34.42048645019531, -7.538100242614746, 0.0
34.42048645019531, -7.538100242614746, 0.0
34.42048645019531, -7.538100242614746, 0.0
34.42048645019531, -7.538100242614746, 0.0
34.42048645019531, -7.538100242614746, 0.0
34.42048645019531, -7.538100242614746, 0.0
34.42048645019531, -7.538100242614746, 0.0
34.42048645019531, -7.538100242614746, 0.0
34.42048645019531, -7.538100242614746, 0.0
34.42048645019531, -7.538100242614746, 0.0
34.42048645019531, -7.538100242614746, 0.0
34.42048645019531, -7.538100242614746, 0.0
34.42048645019531, -7.538100242614746, 0.0
34.42048645019531, -7.538100242614746, 0.0
34.42048645019531, -7.538100242614746, 0.0
34.42048645019531, -7.538100242614746, 0.0
34.42048645019531, -7.538100242614746, 0.0
34.42048645019531, -7.538100242614746, 0.0
34.42048645019531, -7.538100242614746, 0.0
34.42048645019531, -7.538100242614746, 0.0
34.42048645019531, -7.538100242614746, 0.0
34.42048645019531, -7.538100242614746, 0.0
34.42048645019531, -7.538100242614746, 0.0
34.42048645019531, -7.538100242614746, 0.0
34.42048645019531, -7.538100242614746, 0.0
34.42048645019531, -7.538100242614746, 0.0
34.42048645019531, -7.538100242614746, 0.0
34.42048645019531, -7.538100242614746, 0.0
34.42048645019531, -7.538100242614746, 0.0
34.42048645019531, -7.538100242614746, 0.0
34.42048645019531, -7.538100242614746, 0.0
34.42048645019531, -7.538100242614746, 0.0
34.42048645019531, -7.538100242614746, 0.0
34.42048645019531, -7.538100242614746, 0.0
34.42048645019531, -7.538100242614746, 0.0
34.42048645019531, -7.538100242614746, 0.0
34.42048645019531, -7.538100242614746, 0.0
34.42048645019531, -7.538100242614746, 0.0
34.42048645019531, -7.538100242614746, 0.0
34.42048645019531, -7.538100242614746, 0.0
34.42048645019531, -7.538100242614746, 0.0
34.42048645019531, -7.538100242614746, 0.0
34.42048645019531, -7.538100242614746, 0.0
34.42048645019531, -7.538100242614746, 0.0
34.42048645019531, -7.538100242614746, 0.0
34.42048645019531, -7.538100242614746, 0.0
34.42048645019531, -7.538100242614746, 0.0
34.42048645019531, -7.538100242614746, 0.0
34.42048645019531, -7.538100242614746, 0.0
34.42048645019531, -7.538100242614746, 0.0
34.42048645019531, -7.538100242614746, 0.0
34.42048645019531, -7.538100242614746, 0.0
34.42048645019531, -7.538100242614746, 0.0
34.42048645019531, -7.538100242614746, 0.0
34.42048645019531, -7.538100242614746, 0.0
